0:
###
..#
###

1:
..#
.##
##.

2:
#..
###
###

3:
###
##.
.##

4:
#.#
###
#.#

5:
..#
.##
###

41x38: 26 26 29 23 21 30
40x38: 17 28 31 34 26 19
46x42: 39 32 32 33 40 33
48x42: 43 49 68 43 59 47
48x41: 33 36 32 40 32 35
40x42: 48 43 44 40 40 44
42x39: 39 28 37 20 34 24
48x35: 46 35 32 56 46 41
40x44: 49 41 35 54 44 47
38x47: 24 31 25 29 41 29
39x40: 29 28 25 27 30 29
44x42: 60 52 31 45 51 47
49x46: 38 37 41 50 33 41
46x35: 39 38 32 38 47 55
43x37: 27 29 26 25 35 25
48x48: 51 35 39 56 37 38
41x36: 41 41 43 30 42 30
43x47: 33 28 41 30 37 41
41x35: 24 33 21 23 20 21
46x50: 34 50 34 47 40 35
50x47: 45 35 36 33 44 47
41x48: 27 37 36 34 35 39
35x50: 40 47 50 47 43 43
42x35: 24 22 30 27 20 31
44x41: 36 29 37 30 24 25
46x44: 47 53 65 50 56 39
37x41: 23 34 23 34 22 19
47x48: 34 35 35 47 53 36
36x37: 28 32 40 38 31 36
37x37: 38 38 37 36 31 31
50x41: 56 52 51 53 47 57
37x45: 31 35 37 27 27 23
46x35: 22 30 29 29 32 23
44x41: 27 37 26 29 33 29
41x49: 27 36 35 34 33 42
49x50: 34 49 43 40 36 53
37x42: 35 49 35 39 37 48
37x42: 42 49 37 43 37 33
44x50: 35 29 44 44 30 42
42x49: 31 46 28 40 38 40
35x36: 35 43 33 29 27 30
42x50: 57 60 53 51 57 46
42x40: 41 48 40 45 49 36
48x35: 32 25 30 34 33 21
43x36: 39 35 39 45 45 33
40x38: 26 29 23 32 22 24
50x50: 40 45 46 29 55 41
50x45: 52 52 58 52 65 67
39x39: 23 28 32 26 29 30
45x35: 45 44 30 50 33 42
40x38: 56 37 38 34 33 35
46x43: 51 44 52 65 49 40
43x36: 25 28 22 34 30 28
39x49: 36 35 36 36 32 33
44x39: 33 30 27 27 30 34
41x48: 46 53 57 52 45 51
45x44: 43 49 50 57 52 54
36x50: 45 54 44 45 47 44
44x36: 36 42 50 38 47 30
38x42: 40 46 32 40 39 52
40x36: 42 34 31 45 37 31
42x37: 37 30 25 26 23 27
35x47: 51 44 44 34 38 43
40x41: 31 23 29 31 26 29
50x50: 63 71 67 48 74 64
41x46: 62 42 43 39 52 51
43x37: 26 36 23 34 20 28
48x46: 50 34 41 39 46 29
42x44: 37 22 43 31 44 19
39x38: 36 30 42 50 30 38
50x44: 54 39 76 66 48 50
45x41: 41 49 48 48 49 50
46x40: 45 55 52 39 50 44
46x37: 38 26 26 32 33 25
36x44: 31 30 30 19 23 34
37x45: 28 26 30 28 35 33
44x46: 42 28 36 29 24 50
49x43: 52 47 51 45 63 66
43x38: 37 42 37 50 48 37
37x42: 29 26 34 24 32 23
41x40: 26 21 32 29 29 32
35x35: 18 20 15 13 28 27
46x44: 49 58 52 48 58 48
47x43: 44 60 56 54 50 49
37x35: 24 24 23 23 17 20
46x39: 55 45 50 47 38 40
45x45: 40 47 41 25 40 32
44x47: 32 31 36 39 33 38
39x39: 35 38 35 39 42 46
41x39: 43 31 51 38 37 44
39x45: 51 33 48 43 46 46
36x44: 38 44 40 36 40 48
46x38: 40 47 34 42 61 46
48x46: 34 36 37 43 51 38
50x48: 64 54 72 59 59 59
48x40: 42 52 52 46 59 45
41x38: 27 28 28 19 22 32
38x45: 31 31 26 32 33 27
38x49: 40 46 44 50 55 52
44x45: 48 47 51 49 51 59
46x38: 50 39 46 36 49 48
40x43: 41 43 46 40 41 55
46x35: 32 29 21 34 24 24
37x48: 29 30 37 32 41 23
47x45: 46 56 53 63 49 60
46x45: 49 38 36 33 34 35
38x39: 27 22 25 18 25 39
41x44: 25 26 31 28 34 38
49x43: 62 51 46 66 47 51
44x40: 36 49 41 49 54 43
38x48: 37 27 35 40 26 27
43x49: 60 56 47 57 57 47
44x49: 43 32 39 46 32 31
35x42: 27 34 30 27 17 19
44x41: 43 49 45 41 58 42
48x44: 30 46 47 31 36 34
36x49: 55 45 43 43 43 42
35x46: 42 47 33 39 38 52
43x49: 31 40 42 35 29 46
43x46: 46 55 50 45 51 60
44x50: 57 52 54 56 53 67
45x44: 43 42 61 56 51 49
40x37: 36 39 29 36 39 51
45x49: 67 53 55 55 48 61
40x41: 35 46 46 34 48 45
38x46: 37 46 52 49 51 33
49x50: 57 74 69 51 68 61
44x50: 56 51 62 54 58 56
39x47: 45 40 52 45 48 51
45x37: 31 27 29 29 37 27
44x45: 54 45 49 60 45 50
36x45: 19 35 28 35 30 32
44x39: 46 45 46 55 37 34
39x38: 29 23 30 26 21 26
39x45: 25 42 30 29 38 31
47x44: 65 68 58 33 55 42
47x40: 43 49 60 46 43 49
37x37: 21 32 17 30 26 18
42x43: 30 37 27 32 38 31
36x41: 43 35 33 39 36 41
46x49: 47 36 36 49 36 35
42x36: 33 33 40 56 33 36
44x49: 45 44 30 35 41 29
47x37: 46 39 34 61 42 44
45x46: 69 43 54 53 49 47
42x44: 50 47 43 48 46 51
40x44: 30 24 25 35 31 36
42x36: 43 27 46 40 39 34
36x46: 27 29 30 31 41 22
46x48: 43 31 47 37 33 49
46x37: 21 25 26 36 42 30
49x37: 50 47 44 56 38 44
49x38: 51 50 49 51 42 44
46x39: 47 41 59 42 39 47
46x37: 48 37 48 51 39 36
48x48: 63 61 56 61 57 57
43x45: 39 37 32 44 25 32
50x40: 28 34 33 44 33 36
41x43: 29 26 33 34 23 36
44x48: 51 40 39 33 27 34
40x41: 37 42 46 44 40 44
42x48: 40 44 36 25 38 41
46x49: 40 37 36 41 45 40
42x38: 34 27 35 24 27 20
47x43: 38 37 38 29 30 38
47x45: 56 61 47 46 61 57
44x35: 41 54 37 31 42 36
36x37: 20 20 28 21 16 38
36x38: 19 23 24 26 25 26
48x44: 63 55 44 56 49 59
45x43: 49 42 47 60 46 52
44x38: 29 32 24 26 27 29
45x40: 39 42 40 51 52 53
49x50: 34 45 48 41 39 48
50x40: 29 36 34 26 47 35
47x37: 33 26 22 30 36 33
35x36: 32 36 31 29 25 44
39x35: 36 36 36 31 33 39
40x49: 37 52 60 60 52 40
40x40: 27 34 27 33 26 21
41x44: 44 48 39 45 46 58
49x39: 22 41 37 34 37 36
38x40: 48 37 37 36 41 34
49x39: 33 33 36 30 44 32
37x42: 25 36 29 29 31 18
49x36: 48 53 38 49 33 54
45x37: 38 46 55 41 38 39
35x40: 28 42 33 31 39 46
39x39: 30 33 51 38 39 42
38x36: 20 17 29 33 14 30
38x43: 44 33 51 42 39 40
36x44: 39 43 36 40 39 49
44x35: 35 42 34 45 47 34
49x50: 66 69 71 62 55 55
38x48: 40 25 30 33 28 36
42x48: 60 44 58 56 45 44
44x39: 41 47 43 47 37 51
42x40: 37 36 26 27 29 27
35x36: 36 24 22 36 41 33
40x40: 31 26 23 30 36 23
35x37: 36 39 31 33 24 39
49x37: 47 49 40 47 56 40
43x50: 42 35 33 29 42 42
40x50: 46 45 52 60 48 56
40x39: 26 28 26 35 28 25
41x39: 32 48 47 47 34 40
39x36: 26 24 26 32 24 23
50x35: 33 30 27 28 30 28
40x44: 50 41 49 46 43 40
49x40: 36 42 34 28 30 37
43x39: 48 38 33 42 47 50
43x35: 29 27 20 27 29 21
45x38: 49 44 44 46 44 35
46x37: 41 44 43 51 42 41
50x36: 49 39 46 50 45 46
48x42: 57 51 45 46 60 51
38x40: 45 38 44 33 34 40
36x43: 27 28 35 30 22 26
40x40: 31 36 27 25 24 25
47x38: 34 32 27 27 26 34
38x50: 48 58 45 41 57 46
45x43: 28 37 40 31 38 35
40x36: 40 41 31 31 44 36
48x49: 41 37 54 36 42 45
37x46: 35 44 41 45 43 56
38x47: 40 46 54 43 40 53
49x41: 65 50 48 48 51 46
48x49: 39 50 43 31 47 46
47x37: 43 60 41 39 39 51
49x47: 50 47 43 35 32 32
50x44: 56 52 66 58 46 60
42x40: 43 39 45 42 43 46
38x49: 43 40 58 57 42 44
39x50: 56 45 44 55 54 44
37x36: 37 30 33 34 37 33
35x38: 31 32 38 34 38 31
42x35: 43 44 23 42 41 35
37x40: 27 22 30 22 28 27
43x43: 38 44 57 40 43 64
46x43: 65 54 48 54 44 39
35x37: 31 19 34 28 42 43
48x40: 41 34 23 29 37 43
48x37: 33 32 32 30 24 40
39x44: 49 40 49 45 44 35
38x41: 20 29 25 22 28 32
35x42: 36 39 39 41 34 38
48x47: 37 35 43 33 48 43
45x46: 45 30 43 33 39 34
46x47: 32 58 70 61 61 51
43x45: 43 39 40 36 27 25
45x41: 50 47 40 51 50 46
40x50: 58 49 45 56 50 49
36x48: 40 52 49 37 42 49
41x47: 43 30 31 35 31 24
38x37: 40 31 43 30 41 29
37x50: 53 43 56 43 45 43
39x39: 30 21 29 41 27 21
40x47: 52 40 57 54 44 39
44x44: 35 29 35 28 44 25
38x50: 48 56 44 50 52 44
40x40: 46 25 42 37 55 36
44x39: 32 27 28 38 35 21
39x49: 43 35 32 35 33 30
40x36: 25 26 25 22 30 27
42x48: 34 43 29 34 28 56
49x49: 59 67 58 61 61 66
43x49: 56 69 49 54 58 41
47x43: 50 39 55 56 58 49
41x46: 40 31 26 28 34 36
44x43: 62 40 50 46 42 49
48x48: 66 61 65 56 49 58
45x42: 38 38 31 37 32 33
48x50: 40 41 35 49 51 40
46x36: 44 51 38 41 44 39
39x42: 29 26 25 31 36 35
48x37: 21 31 38 38 33 30
37x41: 37 33 42 47 45 26
41x47: 28 28 38 39 32 30
49x41: 34 30 44 34 31 34
47x44: 32 31 40 38 27 41
40x49: 54 41 49 52 49 55
39x35: 25 18 24 26 22 28
49x36: 51 46 46 48 35 46
42x48: 41 35 29 40 39 40
37x38: 27 40 37 49 28 37
40x48: 33 30 34 51 38 21
37x35: 33 38 28 31 37 34
36x36: 40 36 33 24 31 37
50x50: 33 46 50 45 45 37
39x49: 53 50 40 44 62 45
49x50: 60 52 63 62 62 77
46x47: 46 46 34 34 27 37
45x50: 55 51 54 56 63 67
36x49: 41 48 26 54 61 42
35x42: 41 25 40 32 34 53
41x48: 39 29 37 40 32 31
43x35: 36 40 35 39 45 37
35x39: 23 23 24 21 29 23
47x42: 39 34 32 37 34 33
41x44: 50 53 45 38 57 35
46x36: 46 34 50 40 37 46
47x44: 61 54 51 44 55 54
42x39: 43 42 38 43 45 41
46x46: 51 37 25 39 47 26
48x44: 36 41 43 34 29 41
38x47: 30 32 34 24 26 33
36x35: 29 31 39 38 23 34
40x43: 35 28 29 31 30 28
46x35: 28 31 15 29 33 28
47x40: 26 30 31 39 36 32
36x42: 31 25 23 35 31 23
42x44: 45 47 48 43 45 58
45x35: 25 23 30 32 26 28
48x42: 54 45 59 40 57 54
40x35: 30 24 13 22 28 25
50x50: 49 36 36 52 39 43
40x49: 50 55 42 50 51 56
41x45: 32 22 27 33 33 47
44x36: 28 28 20 31 29 31
50x42: 41 65 54 48 62 57
44x45: 34 38 42 34 27 35
42x37: 43 43 32 29 48 46
35x35: 30 41 26 31 36 27
48x36: 42 56 37 56 36 42
47x48: 59 56 56 55 50 73
40x41: 35 49 44 43 40 44
35x47: 46 53 47 29 35 47
44x41: 39 47 39 43 51 61
42x37: 38 31 51 45 36 35
42x44: 46 45 44 38 64 47
35x50: 30 29 25 26 32 33
45x37: 22 27 29 33 34 34
46x42: 45 53 52 45 51 53
50x49: 66 72 66 59 54 63
46x49: 56 60 52 62 57 61
48x36: 45 41 39 41 50 50
41x45: 29 33 37 30 30 36
43x46: 40 38 38 35 29 30
43x37: 42 47 42 37 38 41
38x38: 24 40 40 29 36 57
46x46: 56 49 60 42 65 52
41x44: 32 26 20 30 32 41
40x37: 23 30 25 33 25 20
46x50: 55 63 61 55 64 57
48x43: 47 42 57 53 49 69
46x40: 48 50 55 52 34 45
47x47: 33 35 24 40 50 43
43x36: 24 31 29 32 32 20
44x45: 39 52 33 27 32 26
50x46: 37 47 38 31 39 47
45x39: 39 32 37 25 35 27
42x49: 39 62 62 49 59 48
45x44: 40 23 35 43 27 42
35x44: 22 33 24 26 23 26
46x35: 45 40 49 35 42 36
43x45: 33 33 36 38 37 32
45x42: 32 42 36 29 34 37
36x40: 43 38 38 35 31 37
48x45: 43 37 41 43 42 33
50x47: 56 62 75 59 64 44
50x40: 36 45 30 27 36 33
49x41: 65 49 45 45 62 41
39x37: 23 35 24 18 20 36
45x41: 47 40 42 51 55 47
47x39: 53 45 51 46 37 50
35x36: 33 44 30 30 26 35
44x41: 43 33 52 52 48 46
44x36: 25 30 41 20 28 24
41x42: 45 34 52 52 42 36
35x47: 27 26 27 29 30 25
44x39: 34 46 47 35 40 66
47x38: 48 50 46 46 43 43
38x40: 41 34 44 29 45 40
37x45: 38 51 47 49 37 36
44x48: 59 46 49 56 52 62
46x50: 61 61 60 52 61 60
41x45: 45 42 59 54 38 44
43x48: 42 39 35 36 34 38
39x39: 31 27 26 29 28 28
50x44: 31 42 41 32 43 35
46x47: 32 36 39 42 34 42
37x37: 35 40 33 35 30 40
37x42: 29 28 27 28 32 23
39x39: 35 43 35 39 40 44
36x35: 39 29 37 24 26 39
43x41: 31 30 39 29 22 30
43x42: 45 62 42 53 51 27
50x46: 39 41 43 38 31 48
36x39: 44 35 29 39 33 36
39x44: 36 40 61 45 45 35
38x45: 42 46 44 48 46 37
49x41: 35 28 34 35 34 41
37x38: 32 36 35 40 40 33
35x44: 36 26 26 22 19 24
38x39: 41 39 30 29 48 42
42x46: 52 39 55 54 43 52
37x48: 43 44 61 49 38 37
48x40: 49 56 46 53 54 38
50x37: 40 29 40 24 27 31
49x36: 41 48 53 41 54 34
38x44: 39 38 54 42 46 36
48x35: 33 31 35 22 31 23
46x43: 49 43 50 54 59 47
42x42: 51 53 47 40 42 40
43x49: 34 44 28 35 45 38
36x42: 29 29 23 30 23 33
37x47: 44 52 49 45 35 45
41x43: 19 36 29 32 34 32
47x40: 55 45 54 47 43 44
41x36: 39 43 31 38 40 38
41x50: 33 30 40 28 40 36
46x48: 32 46 34 47 35 46
35x49: 35 56 45 47 44 40
47x48: 59 60 51 65 50 64
41x42: 33 55 35 48 54 43
38x35: 32 39 36 27 35 38
38x45: 46 50 46 43 38 42
47x50: 58 60 69 59 48 69
49x50: 39 39 53 37 50 37
48x40: 52 38 50 63 43 46
35x40: 33 35 27 45 36 40
37x36: 21 25 27 28 22 20
45x45: 36 34 48 34 33 39
49x40: 40 58 46 58 53 49
50x36: 25 33 37 30 36 31
37x44: 24 24 31 27 31 30
48x39: 44 57 49 49 43 49
41x40: 27 33 28 24 29 27
49x50: 44 72 73 67 60 64
48x39: 52 45 45 47 47 52
48x35: 48 37 42 36 51 43
35x40: 38 36 37 33 35 37
38x48: 52 41 48 49 51 37
37x43: 36 41 42 43 36 48
37x47: 28 33 28 33 29 28
42x36: 38 34 29 51 37 43
49x45: 53 47 60 52 62 64
35x36: 26 35 43 36 28 26
41x46: 32 31 24 40 41 27
37x41: 29 27 21 24 31 24
49x50: 49 45 38 38 37 49
48x47: 55 39 54 63 67 65
37x46: 44 53 43 38 41 46
46x38: 25 25 30 30 34 35
50x49: 64 61 65 59 64 64
38x35: 23 49 34 35 36 32
39x38: 32 18 25 23 24 34
47x45: 46 49 47 62 56 66
50x46: 45 50 64 69 68 55
47x47: 52 55 62 59 54 58
46x41: 58 47 36 54 40 56
38x45: 44 39 44 31 43 64
46x40: 39 44 58 49 48 44
46x48: 40 44 37 32 46 40
36x49: 44 50 43 51 41 44
35x35: 30 35 32 32 33 27
36x40: 37 36 30 40 38 41
48x37: 46 42 54 40 43 48
38x45: 48 42 54 32 41 46
39x36: 39 35 34 32 41 35
49x42: 52 37 48 66 58 51
35x49: 45 43 35 53 42 46
35x47: 45 40 38 36 50 44
48x39: 46 40 53 49 50 48
47x39: 40 49 52 36 46 62
45x44: 28 38 33 39 31 40
42x35: 32 28 23 23 29 19
50x48: 47 43 29 50 41 46
46x49: 39 45 37 40 42 37
36x44: 25 25 23 31 30 34
35x37: 18 20 26 19 27 21
39x36: 43 36 29 37 38 33
50x39: 53 46 59 48 39 55
35x43: 33 43 46 34 40 37
45x39: 49 50 38 50 50 33
42x39: 23 30 32 38 31 28
42x43: 44 51 37 50 55 42
38x44: 29 33 34 30 21 21
46x46: 66 41 54 45 57 60
35x39: 34 35 40 30 39 32
40x49: 40 25 41 31 34 36
43x44: 62 35 43 40 50 59
42x37: 32 23 18 27 31 36
37x38: 18 23 29 30 22 21
42x40: 45 42 47 46 44 33
41x40: 33 21 36 30 29 20
44x38: 40 39 54 32 52 39
35x40: 47 31 35 31 36 34
46x50: 34 35 38 47 40 46
37x47: 56 43 44 51 24 50
49x43: 44 44 38 29 32 37
50x47: 51 51 65 60 66 67
48x42: 39 17 36 30 43 58
49x47: 50 58 63 59 67 57
50x43: 63 48 52 50 54 63
46x48: 41 35 40 44 39 40
48x44: 43 48 33 34 31 35
38x38: 24 23 22 32 22 21
40x38: 18 28 24 29 28 29
40x41: 38 44 45 47 43 35
38x49: 48 49 51 46 53 39
37x39: 20 29 28 18 34 27
50x41: 35 42 34 32 33 32
42x47: 45 32 29 36 28 39
36x39: 34 32 28 40 41 41
50x37: 59 52 46 40 44 45
45x39: 43 57 43 40 49 41
47x48: 34 35 41 39 50 40
36x42: 36 39 30 39 43 47
46x41: 46 56 47 46 48 50
42x48: 30 33 33 42 40 46
36x49: 43 49 45 39 49 48
41x43: 43 55 47 34 51 44
50x39: 55 54 49 56 39 48
49x38: 42 48 41 56 52 48
46x41: 32 28 34 35 35 30
35x35: 23 32 32 34 37 31
50x44: 46 60 65 67 50 51
37x49: 35 26 34 35 35 26
48x37: 31 24 35 26 38 37
44x50: 54 59 54 65 47 61
39x43: 49 48 45 37 35 46
44x39: 43 50 40 43 40 51
36x46: 27 31 24 37 26 34
39x36: 24 27 28 26 23 27
45x49: 42 46 65 60 64 60
50x47: 32 37 42 47 46 35
47x46: 50 60 58 48 63 55
47x39: 27 29 44 28 29 38
44x37: 28 17 24 30 32 37
41x50: 30 31 34 43 37 32
43x37: 25 35 18 31 32 27
50x41: 53 68 51 54 49 44
44x50: 32 31 34 37 44 45
44x47: 36 36 39 29 37 32
46x40: 27 32 31 41 25 38
43x47: 47 49 60 40 64 50
41x39: 22 30 26 37 19 35
39x47: 37 25 35 42 33 22
42x36: 30 32 28 25 26 26
50x48: 66 58 68 60 46 72
39x48: 49 49 45 50 51 44
50x38: 32 33 24 37 32 34
41x46: 27 40 43 41 21 23
49x46: 44 59 66 62 60 56
50x42: 39 37 35 34 34 45
43x46: 45 34 32 29 35 34
37x48: 52 33 49 36 55 45
38x42: 37 48 48 41 37 36
39x43: 38 41 49 45 47 37
46x36: 25 25 34 35 30 30
35x43: 21 21 23 29 27 33
35x37: 30 23 27 17 16 19
49x49: 65 66 60 64 67 47
45x44: 43 50 54 39 55 66
49x42: 50 35 30 31 31 47
49x37: 34 25 43 33 32 24
46x41: 49 50 39 57 40 57
38x39: 33 23 24 19 31 25
40x37: 31 32 44 46 37 36
37x43: 44 42 38 42 36 44
41x42: 43 43 44 42 49 44
38x36: 40 29 39 29 43 28
47x46: 41 39 34 44 30 37
37x49: 49 42 45 36 53 54
40x44: 53 42 60 37 41 36
46x35: 50 36 40 35 36 51
47x45: 38 38 38 44 29 38
44x36: 42 48 43 48 31 33
37x42: 47 35 44 35 37 40
38x45: 54 44 38 41 34 54
36x39: 34 38 38 28 41 38
46x40: 42 39 48 57 42 54
43x36: 24 35 32 21 26 29
40x49: 33 30 32 31 40 42
39x36: 32 30 20 31 20 23
35x37: 35 30 33 37 29 35
48x50: 63 59 73 49 56 70
45x37: 25 28 30 32 34 31
46x38: 58 34 50 40 41 43
39x50: 29 38 40 28 35 38
36x36: 39 29 26 36 31 38
40x42: 39 47 41 39 51 43
42x38: 29 30 25 22 28 33
43x50: 53 43 56 55 56 66
37x37: 29 43 37 28 37 40
38x50: 30 34 27 34 31 36
48x41: 35 40 33 35 33 32
44x50: 40 35 39 32 39 38
47x50: 55 67 55 58 50 82
46x46: 33 32 49 33 42 36
49x46: 67 60 54 64 48 54
43x35: 40 40 43 36 35 38
41x43: 31 31 21 26 37 35
46x45: 53 58 49 48 59 53
47x45: 31 35 48 34 38 38
41x35: 26 20 19 26 24 28
42x42: 31 29 34 35 26 40
44x38: 31 30 26 27 32 22
39x40: 23 23 19 37 35 32
46x43: 40 38 65 60 42 57
45x45: 40 40 35 43 35 31
35x50: 41 42 39 55 38 55
36x36: 24 21 24 30 17 27
45x47: 52 68 55 57 52 44
50x39: 43 57 56 48 49 49
35x38: 41 32 36 31 31 33
47x49: 36 43 43 41 41 35
38x35: 21 15 17 28 21 30
42x40: 38 52 43 43 44 41
39x37: 48 24 40 34 26 48
43x42: 39 45 28 28 26 29
38x35: 40 33 48 25 27 31
47x47: 32 37 35 41 46 34
45x47: 55 62 58 51 52 49
45x39: 30 37 29 32 30 36
43x38: 39 39 51 45 39 37
49x43: 56 41 56 59 58 50
48x42: 52 52 51 51 57 47
44x38: 34 46 42 43 52 41
39x47: 47 43 43 38 53 59
45x36: 41 41 40 36 40 53
42x50: 42 41 40 27 39 35
40x49: 46 45 57 55 48 49
41x48: 55 55 51 41 55 47
36x37: 17 29 27 25 21 24
48x39: 44 42 48 54 47 52
37x47: 30 29 27 32 35 27
37x37: 46 26 35 33 36 32
47x45: 36 29 48 38 36 38
45x37: 25 26 24 27 27 50
40x43: 50 37 39 42 44 52
49x45: 39 36 48 39 38 40
37x35: 28 31 42 31 33 34
39x47: 40 33 29 34 26 32
48x41: 45 49 52 51 46 61
37x35: 23 31 37 34 27 49
48x40: 40 33 40 26 37 32
40x43: 24 21 29 39 39 30
47x37: 50 40 49 40 53 33
40x45: 47 52 50 48 48 32
48x40: 61 47 47 46 45 49
44x36: 48 39 46 40 34 36
45x44: 46 25 32 34 44 29
38x37: 29 27 19 29 18 22
46x42: 39 33 41 32 29 36
39x42: 20 27 30 33 32 39
39x45: 30 41 30 34 26 33
39x40: 29 22 24 39 30 25
38x47: 31 28 20 32 34 34
44x49: 58 70 51 58 45 54
37x42: 39 44 36 34 45 43
43x46: 52 56 40 45 50 65
46x43: 50 68 47 52 46 46
48x35: 28 26 35 28 28 30
36x50: 48 36 42 54 44 51
47x39: 51 38 50 42 57 41
39x50: 35 57 54 51 51 55
44x43: 26 37 32 24 41 36
42x44: 57 44 41 48 43 51
44x50: 46 59 47 65 62 61
39x39: 39 48 40 33 38 39
46x40: 47 34 39 44 59 58
49x46: 43 54 66 64 61 58
40x37: 40 43 44 35 32 35
48x45: 45 49 69 52 54 63
38x35: 38 26 26 36 45 31
50x44: 55 48 61 57 55 61
48x36: 23 33 32 27 39 37
46x41: 52 50 48 39 53 49
44x46: 56 59 39 61 40 60
39x42: 44 48 34 39 40 50
42x37: 42 30 42 36 45 42
42x49: 52 49 54 44 58 60
37x39: 31 57 33 42 34 30
47x38: 53 43 46 47 42 43
35x38: 34 33 36 26 40 36
44x42: 32 34 37 39 27 26
49x50: 43 30 50 49 40 44
44x36: 24 31 33 27 27 26
45x50: 48 53 54 70 56 65
43x50: 43 64 61 59 62 43
36x47: 31 26 28 36 25 33
35x45: 39 37 38 36 54 37
50x46: 34 43 50 34 39 40
44x41: 46 50 46 40 49 48
39x46: 49 58 42 36 53 41
35x45: 55 34 38 44 33 36
42x44: 51 40 51 55 40 45
46x48: 67 61 53 54 56 49
41x49: 44 44 45 58 61 56
43x46: 52 49 55 51 53 43
41x43: 38 28 30 29 26 31
47x44: 32 39 34 45 36 24
36x41: 29 43 51 33 40 32
35x44: 30 41 48 41 37 41
50x38: 33 31 31 29 30 37
48x37: 33 47 51 53 44 46
43x47: 52 48 56 53 50 51
48x50: 62 59 66 66 52 64
43x41: 46 56 46 39 46 41
43x49: 58 56 63 56 50 40
47x41: 52 54 56 48 40 48
35x44: 29 36 41 54 38 38
39x44: 46 49 44 46 34 47
50x48: 52 59 74 57 63 64
43x44: 57 44 45 40 57 47
44x40: 43 42 27 46 50 65
46x45: 40 36 34 38 35 41
46x50: 59 59 56 58 52 72
50x50: 46 39 43 37 50 41
35x47: 30 23 21 25 35 30
37x49: 48 39 53 50 41 46
36x35: 21 18 24 30 19 20
48x47: 48 35 34 58 39 25
47x44: 56 69 44 53 53 47
47x49: 49 60 67 56 64 59
42x49: 41 27 36 32 44 43
37x39: 19 23 28 24 33 29
49x49: 51 40 33 44 56 32
50x39: 42 31 34 29 39 32
44x41: 54 50 37 41 50 47
45x38: 24 30 29 24 38 35
49x50: 39 43 35 49 39 51
38x42: 38 43 39 46 35 46
44x39: 34 26 28 30 34 29
41x40: 37 43 48 55 34 35
43x49: 61 41 55 56 63 43
50x40: 45 47 68 42 45 61
38x37: 23 23 27 22 31 17
41x45: 39 37 31 27 29 31
44x42: 51 54 46 50 42 43
41x44: 53 44 52 45 32 52
37x41: 46 41 36 39 41 30
43x50: 29 38 36 40 30 50
35x47: 41 59 35 38 38 48
46x50: 56 56 63 58 62 58
50x37: 27 33 42 33 32 25
45x48: 61 56 57 55 46 58
48x45: 62 48 49 55 63 53
38x49: 41 40 60 54 44 45
43x39: 36 36 54 40 50 40
47x36: 25 21 29 28 30 47
48x43: 43 32 32 38 42 37
41x37: 40 40 32 50 34 38
48x39: 41 50 47 42 55 55
37x35: 20 23 27 21 19 22
42x40: 38 42 38 59 40 41
45x42: 52 44 41 46 51 57
48x45: 60 65 48 42 49 74
50x50: 54 35 43 41 33 50
48x36: 45 47 44 47 39 45
35x36: 24 25 19 17 21 26
49x40: 56 49 48 46 48 55
41x41: 27 21 34 28 36 22
47x37: 30 27 26 43 29 25
41x48: 42 38 32 36 30 29
40x46: 46 48 41 49 57 42
47x36: 44 50 55 35 43 34
35x49: 32 29 26 31 28 29
43x43: 41 53 48 51 42 52
45x39: 39 44 48 47 48 44
35x40: 24 30 16 26 25 21
50x48: 45 56 71 70 70 55
39x47: 28 35 38 28 31 35
36x36: 20 28 23 30 23 20
41x37: 24 26 34 29 17 25
35x38: 18 25 24 16 23 26
37x48: 21 42 41 33 33 22
45x45: 41 36 38 41 35 34
44x39: 47 47 40 38 49 44
42x47: 38 42 35 34 33 28
35x48: 32 17 26 35 34 31
36x46: 47 46 50 32 40 41
42x50: 54 41 62 53 47 64
48x38: 34 23 43 27 32 33
41x45: 48 48 49 50 45 44
39x39: 28 38 31 25 24 22
44x38: 29 28 23 35 30 23
42x38: 28 29 32 25 24 29
40x38: 32 36 43 42 43 37
41x48: 52 48 41 50 57 55
39x41: 28 32 32 29 34 14
36x48: 36 34 37 26 31 27
38x42: 26 36 26 30 27 23
39x35: 26 26 19 26 24 22
45x38: 39 46 48 43 44 44
35x41: 40 45 41 36 33 27
42x50: 36 34 36 36 40 41
36x37: 23 25 22 24 28 22
40x37: 33 34 23 22 17 26
44x42: 38 50 58 41 48 51
50x37: 31 56 44 44 66 46
35x37: 29 30 28 46 25 42
36x36: 36 30 38 33 33 28
48x44: 45 36 59 58 61 62
42x39: 39 37 48 43 35 50
37x43: 21 31 28 27 31 30
50x41: 50 54 73 40 46 53
43x42: 31 41 36 20 31 36
47x44: 58 51 46 43 60 61
43x47: 34 31 43 33 37 32
41x40: 38 22 18 34 33 24
37x39: 35 34 54 33 31 34
45x43: 45 44 47 67 52 40
50x35: 56 40 47 41 45 38
47x45: 57 64 50 55 56 45
50x37: 42 54 41 49 51 50
48x47: 55 51 57 60 72 49
45x49: 53 65 50 69 53 51
38x46: 37 57 54 45 40 39
44x43: 53 42 59 46 43 46
44x41: 48 48 43 55 41 43
38x43: 45 45 36 42 41 44
39x50: 60 60 36 48 50 49
43x40: 31 34 24 33 26 34
49x39: 40 52 61 50 49 42
43x43: 37 39 54 46 55 52
43x42: 41 55 49 38 50 48
35x44: 36 30 45 43 45 35
50x48: 59 69 62 55 75 50
42x37: 30 27 22 30 35 24
50x40: 55 41 62 51 45 51
40x37: 39 34 32 37 39 47
39x45: 31 55 48 47 41 52
49x50: 71 72 57 63 65 50
48x42: 57 62 29 53 51 63
46x42: 58 39 43 55 48 52
43x39: 23 34 37 28 31 29
46x44: 32 30 38 41 33 35
50x41: 31 37 42 33 31 33
44x39: 30 25 33 28 33 33
39x45: 40 30 27 34 37 27
44x44: 44 60 44 45 52 57
41x39: 44 49 42 37 39 37
50x48: 61 65 67 61 58 58
37x46: 25 31 30 28 32 34
36x43: 30 44 43 43 33 48
49x40: 51 53 48 55 50 45
39x44: 32 34 26 28 29 32
44x41: 35 27 24 33 33 29
39x47: 44 47 50 40 45 58
46x37: 26 25 40 35 29 25
37x35: 20 18 22 23 27 22
39x46: 32 44 36 26 28 28
47x42: 43 54 44 56 57 51
47x49: 63 55 62 55 51 69
39x44: 37 24 37 26 26 31
46x44: 52 53 60 47 48 52
50x35: 29 29 34 24 31 28
39x35: 32 35 33 39 38 33
45x36: 48 44 42 36 52 26
42x35: 46 37 33 34 35 42
49x49: 62 53 61 61 64 67
35x47: 25 42 18 22 20 38
44x43: 64 45 50 47 39 45
35x45: 39 26 34 21 23 21
35x48: 35 26 29 23 32 31
50x47: 32 47 37 36 40 48
39x36: 16 24 30 29 30 26
39x43: 39 31 44 43 48 51
49x43: 57 52 53 52 60 49
39x38: 27 54 36 41 43 31
44x40: 31 38 24 30 33 26
40x46: 42 40 46 41 62 51
48x35: 23 33 28 34 33 25
46x43: 37 38 36 42 29 28
39x36: 45 32 35 35 32 36
37x38: 30 22 21 32 20 19
47x48: 38 28 41 39 47 46
35x49: 43 46 43 41 51 40
37x36: 32 35 29 41 31 38
38x46: 58 49 49 41 37 35
40x41: 30 20 29 23 34 32
36x36: 41 23 36 25 31 42
40x49: 55 49 44 40 66 47
45x48: 51 46 82 50 46 55
35x35: 33 31 23 27 46 28
40x50: 52 51 56 52 46 51
37x40: 27 23 25 25 31 24
44x37: 44 47 33 39 44 46
42x42: 44 42 62 37 46 39
50x43: 51 37 67 54 62 55
40x45: 32 45 35 29 23 30
42x38: 33 51 42 39 42 42
37x41: 38 62 36 29 37 38
50x42: 37 27 53 37 44 26
50x40: 31 29 37 40 42 28
43x36: 40 31 43 42 34 47
46x41: 35 38 25 33 37 27
44x36: 45 44 42 39 35 40
40x36: 17 17 25 31 37 29
41x48: 36 36 41 27 34 34
38x44: 52 37 44 36 43 44
42x46: 47 56 54 41 47 55
47x38: 40 47 53 40 45 51
39x47: 32 34 31 36 29 33
35x46: 26 26 35 23 30 25
44x47: 55 48 44 65 58 46
44x44: 46 48 60 53 40 51
39x44: 40 57 44 43 47 36
40x50: 51 43 62 47 54 48
44x45: 35 41 40 27 34 32
42x50: 59 58 57 46 53 51
48x46: 61 53 59 51 57 58
35x42: 36 31 34 40 38 47
50x46: 61 54 71 56 56 54
40x35: 23 23 24 29 27 16
48x43: 39 31 39 34 43 38
48x44: 56 50 46 57 55 61
48x42: 31 47 30 33 32 51
45x38: 32 32 27 19 41 28
38x47: 33 48 54 50 48 42
46x44: 38 51 58 55 47 64
49x43: 56 65 48 52 50 57
48x35: 34 29 24 34 27 27
39x45: 37 55 55 34 47 45
44x41: 25 36 23 31 38 29
45x38: 50 33 52 41 36 49
35x42: 28 42 30 33 50 46
46x48: 52 62 56 54 69 47
48x43: 57 62 56 49 47 49
37x41: 36 44 39 38 46 31
49x41: 62 44 52 47 51 51
50x37: 46 40 50 52 45 50
37x36: 41 15 25 46 38 35
36x48: 39 55 42 38 47 49
37x46: 60 37 39 43 45 35
37x39: 37 29 44 42 31 37
38x43: 49 38 40 47 38 38
50x44: 46 63 56 62 49 66
35x41: 35 22 22 19 25 20
38x45: 30 38 61 46 40 47
44x42: 29 40 30 32 37 27
42x45: 44 66 43 49 41 54
48x48: 50 42 38 48 38 39
46x50: 73 52 51 58 60 58
42x45: 24 41 40 37 32 36
43x42: 25 30 35 34 38 34
44x42: 48 48 48 47 45 49
40x37: 35 39 41 43 33 37
47x48: 62 69 68 56 48 46
48x46: 39 44 36 46 32 43
49x37: 27 28 32 37 35 32
44x48: 48 44 58 67 52 53
50x44: 44 35 36 30 43 35
50x43: 50 59 42 62 53 68
48x47: 59 61 60 61 56 50
48x50: 64 61 55 54 75 60
38x43: 54 47 31 36 51 33
49x49: 58 60 60 68 58 66
37x45: 40 58 42 45 37 38
48x38: 32 25 35 43 31 25
39x48: 39 29 39 30 33 38
46x42: 27 37 36 41 36 32
39x46: 44 55 50 43 46 40
37x37: 39 37 29 36 37 33
42x50: 42 54 55 51 58 65
39x39: 38 35 41 33 41 46
49x39: 44 25 35 33 32 38
45x43: 44 63 44 57 37 58
42x50: 46 43 56 68 56 51
39x47: 27 35 31 37 31 34
47x45: 56 53 53 54 58 51
41x43: 32 35 31 21 30 32
37x47: 23 29 31 33 28 36
38x37: 18 23 27 22 31 23
37x50: 35 37 31 27 27 34
46x35: 20 29 38 24 21 33
42x49: 36 30 44 39 33 42
35x40: 23 20 23 28 29 19
41x35: 22 27 28 23 25 17
45x43: 62 48 47 50 49 40
40x37: 32 17 25 24 32 25
44x49: 57 57 52 55 60 51
39x47: 39 58 53 42 50 43
39x46: 48 52 46 42 44 46
42x39: 50 44 39 44 44 30
36x43: 34 35 31 55 37 46
49x44: 54 48 68 58 40 63
39x44: 32 33 33 34 28 22
41x45: 55 45 48 43 49 43
49x46: 27 42 38 48 38 46
45x48: 56 46 51 54 60 64
43x43: 46 36 40 27 24 23
49x35: 31 23 35 29 29 28
39x46: 45 33 49 51 47 48
41x40: 41 42 46 44 40 39
43x47: 52 58 55 49 47 52
36x40: 40 39 27 37 45 34
42x41: 31 35 30 23 33 29
50x46: 37 36 45 34 49 39
38x45: 45 40 44 39 45 50
40x37: 26 30 29 25 27 19
37x42: 39 27 17 29 32 24
38x47: 28 19 35 31 32 35
50x40: 37 36 34 30 32 38
50x45: 41 44 37 38 40 39
44x42: 38 25 35 34 25 38
48x50: 54 65 59 62 61 71